=========================================
       EXTENDED HÜCKEL CALCULATION       
=========================================

Orbital Energies (eV):
  MO  1:   -26.6900 eV
  MO  2:   -20.4946 eV
  MO  3:   -16.4202 eV
  MO  4:   -14.8708 eV
  MO  5:   -14.8290 eV
  MO  6:   -13.2410 eV
  MO  7:    -8.1664 eV
  MO  8:     5.5523 eV
  MO  9:    10.1326 eV
  MO 10:    13.3956 eV
  MO 11:    19.7961 eV
  MO 12:    31.1892 eV

=========================================

Coefficient matrix (C):
           MO 1        MO 2        MO 3        MO 4        MO 5        MO 6        MO 7        MO 8        MO 9        MO 10       MO 11       MO 12
AO  1 |   -0.508195   -0.394015    0.000000    0.000000   -0.075496    0.000000   -0.000000    0.000000    0.176610   -0.739152    0.000000    1.256983
AO  2 |    0.000000   -0.000000    0.365983    0.380927    0.000000    0.000000    0.000000   -0.756867    0.000000   -0.000000   -1.109693    0.000000
AO  3 |    0.030794   -0.174948   -0.000000   -0.000000    0.494835    0.000000   -0.000000    0.000000    1.004272   -0.538366    0.000000   -0.658497
AO  4 |   -0.000000    0.000000    0.000000   -0.000000   -0.000000    0.626369   -0.830118    0.000000    0.000000    0.000000   -0.000000    0.000000
AO  5 |   -0.508195    0.394015   -0.000000    0.000000   -0.075496   -0.000000    0.000000   -0.000000   -0.176610   -0.739152   -0.000000   -1.256983
AO  6 |   -0.000000    0.000000    0.365983   -0.380927   -0.000000   -0.000000   -0.000000   -0.756867    0.000000    0.000000    1.109693   -0.000000
AO  7 |   -0.030794   -0.174948    0.000000    0.000000   -0.494835   -0.000000   -0.000000    0.000000    1.004272    0.538366   -0.000000   -0.658497
AO  8 |    0.000000   -0.000000    0.000000   -0.000000    0.000000    0.626369    0.830118   -0.000000    0.000000   -0.000000    0.000000    0.000000
AO  9 |   -0.087156   -0.240243    0.271567    0.345179    0.213302    0.000000    0.000000    0.660271   -0.580634    0.621116    0.704946   -0.314271
AO 10 |   -0.087156   -0.240243   -0.271567   -0.345179    0.213302   -0.000000   -0.000000   -0.660271   -0.580634    0.621116   -0.704946   -0.314271
AO 11 |   -0.087156    0.240243    0.271567   -0.345179    0.213302   -0.000000   -0.000000    0.660271    0.580634    0.621116   -0.704946    0.314271
AO 12 |   -0.087156    0.240243   -0.271567    0.345179    0.213302    0.000000    0.000000   -0.660271    0.580634    0.621116    0.704946    0.314271

=========================================

Overlap Matrix (S):
    1.000000    0.000000    0.000000    0.000000    0.413344   -0.000000    0.401973   -0.000000    0.481648    0.481648    0.106166    0.106166
    0.000000    1.000000    0.000000    0.000000    0.000000    0.274412    0.000000    0.000000    0.441857   -0.441857    0.058636   -0.058636
    0.000000    0.000000    1.000000    0.000000   -0.401973    0.000000   -0.323480    0.000000    0.272391    0.272391   -0.120640   -0.120640
    0.000000    0.000000    0.000000    1.000000    0.000000    0.000000    0.000000    0.274412    0.000000    0.000000    0.000000    0.000000
    0.413344    0.000000   -0.401973    0.000000    1.000000    0.000000    0.000000    0.000000    0.106166    0.106166    0.481648    0.481648
   -0.000000    0.274412    0.000000    0.000000    0.000000    1.000000    0.000000    0.000000    0.058636   -0.058636    0.441857   -0.441857
    0.401973    0.000000   -0.323480    0.000000    0.000000    0.000000    1.000000    0.000000    0.120640    0.120640   -0.272391   -0.272391
   -0.000000    0.000000    0.000000    0.274412    0.000000    0.000000    0.000000    1.000000    0.000000    0.000000    0.000000    0.000000
    0.481648    0.441857    0.272391    0.000000    0.106166    0.058636    0.120640    0.000000    1.000000    0.152916    0.055210    0.018703
    0.481648   -0.441857    0.272391    0.000000    0.106166   -0.058636    0.120640    0.000000    0.152916    1.000000    0.018703    0.055210
    0.106166    0.058636   -0.120640    0.000000    0.481648    0.441857   -0.272391    0.000000    0.055210    0.018703    1.000000    0.152916
    0.106166   -0.058636   -0.120640    0.000000    0.481648   -0.441857   -0.272391    0.000000    0.018703    0.055210    0.152916    1.000000
